23. 5. 2016 14:05:00
UpdateTitlesJob Destructor!
23. 5. 2016 14:14:00
UpdateTitlesJob Destructor!
23. 5. 2016 14:16:00
23. 5. 2016 14:18:00
UpdateTitlesJob Destructor!
UpdateTitlesJob Destructor!
23. 5. 2016 14:20:00
UpdateTitlesJob Destructor!
23. 5. 2016 14:22:00
28. 5. 2016 15:37:39
28. 5. 2016 18:28:24
29. 5. 2016 7:40:06
29. 5. 2016 8:00:00
1. 6. 2016 16:42:19
1. 6. 2016 21:51:11
1. 6. 2016 21:53:05
1. 6. 2016 21:57:55
1. 6. 2016 21:59:29
1. 6. 2016 22:06:05
1. 6. 2016 22:11:40
2. 6. 2016 11:42:49
2. 6. 2016 11:45:47
2. 6. 2016 11:49:13
2. 6. 2016 11:50:52
2. 6. 2016 11:56:11
2. 6. 2016 16:57:17
2. 6. 2016 16:59:13
2. 6. 2016 17:00:00
12. 6. 2016 10:49:50
Vzdálený název nelze rozpoznat: 'www.letenkyblog.cz'
12. 6. 2016 10:55:40
12. 6. 2016 10:56:29
12. 6. 2016 13:35:26
12. 6. 2016 13:45:00
12. 6. 2016 14:30:18
12. 6. 2016 16:42:13
13. 6. 2016 13:26:32
13. 6. 2016 13:28:14
13. 6. 2016 13:40:09
13. 6. 2016 13:46:40
13. 6. 2016 13:47:39
13. 6. 2016 13:53:03
13. 6. 2016 13:53:49
13. 6. 2016 13:56:49
13. 6. 2016 13:57:30
13. 6. 2016 13:58:15
13. 6. 2016 14:00:11
3. 7. 2016 18:37:47
3. 7. 2016 18:49:39
3. 7. 2016 18:52:42
3. 7. 2016 18:59:38
3. 7. 2016 19:09:22
3. 7. 2016 19:11:47
3. 7. 2016 19:25:23
3. 7. 2016 19:28:49
3. 7. 2016 19:33:47
3. 7. 2016 19:43:55
7. 7. 2016 22:13:19
7. 7. 2016 22:17:25
7. 7. 2016 22:18:28
